1681
      32767.5      46340.24           580           237
      32767.5      46340.24           376           291
      32767.5      46340.24           845            96
      32767.5      46340.24           377           152
      32767.5      46340.24           970           585
      32767.5      46340.24           601           193
      32767.5      46340.24           810            23
      32767.5      46340.24           565           173
      32767.5      46340.24           484           292
      32767.5      46340.24           467           151
      32767.5      46340.24           526           366
      32767.5      46340.24           568           491
      32767.5      46340.24           910           635
      32767.5      46340.24           797           265
      32767.5      46340.24           893           163
      32767.5      46340.24           530           220
      32767.5      46340.24           631           339
      32767.5      46340.24           571            82
      32767.5      46340.24           851           332
      32767.5      46340.24           821           104
      32767.5      46340.24           502            59
      32767.5      46340.24           775           567
      32767.5      46340.24           854           194
      32767.5      46340.24           417            40
      32767.5      46340.24           123           108
      32767.5      46340.24           823           639
      32767.5      46340.24           607            13
      32767.5      46340.24           720           403
      32767.5      46340.24           517           101
      32767.5      46340.24           482           360
      32767.5      46340.24           316           254
      32767.5      46340.24           676           445
      32767.5      46340.24           896           438
      32767.5      46340.24           759           234
      32767.5      46340.24           720           368
      32767.5      46340.24           907           840
      32767.5      46340.24           928           688
      32767.5      46340.24           479           377
      32767.5      46340.24           899           295
      32767.5      46340.24           778           145
      32767.5      46340.24           324           110
      32767.5      46340.24           194           117
      32767.5      46340.24           995             9
      32767.5      46340.24           388           161
      32767.5      46340.24           712           708
      32767.5      46340.24           501           138
      32767.5      46340.24           936           884
      32767.5      46340.24           746           716
      32767.5      46340.24           555           105
      32767.5      46340.24           679           209
      32767.5      46340.24           559           224
      32767.5      46340.24           705           611
      32767.5      46340.24           291            78
      32767.5      46340.24           832           510
      32767.5      46340.24           843           196
      32767.5      46340.24           328           274
      32767.5      46340.24           638           351
      32767.5      46340.24           448           126
      32767.5      46340.24            39             9
      32767.5      46340.24           876           467
      32767.5      46340.24           381            77
      32767.5      46340.24           697            38
      32767.5      46340.24           160            34
      32767.5      46340.24           614           397
      32767.5      46340.24           990           688
      32767.5      46340.24           534            87
      32767.5      46340.24           686           464
      32767.5      46340.24           435           272
      32767.5      46340.24           465            37
      32767.5      46340.24           276            60
      32767.5      46340.24           625           450
      32767.5      46340.24           935           917
      32767.5      46340.24           385            86
      32767.5      46340.24           912           453
      32767.5      46340.24           945           480
      32767.5      46340.24           855           116
      32767.5      46340.24           913           120
      32767.5      46340.24            77            14
      32767.5      46340.24           608           234
      32767.5      46340.24           947           866
      32767.5      46340.24           437            29
      32767.5      46340.24           880           769
      32767.5      46340.24           874           702
      32767.5      46340.24           762           376
      32767.5      46340.24           944           537
      32767.5      46340.24           798           731
      32767.5      46340.24           838           149
      32767.5      46340.24           946           272
      32767.5      46340.24           586            96
      32767.5      46340.24           703           599
      32767.5      46340.24           319           107
      32767.5      46340.24           624           421
      32767.5      46340.24           984           904
      32767.5      46340.24           301           158
      32767.5      46340.24           835           746
      32767.5      46340.24           731           185
      32767.5      46340.24           491           419
      32767.5      46340.24           788           212
      32767.5      46340.24           628           119
      32767.5      46340.24           316            48
      32767.5      46340.24           795           426
      32767.5      46340.24           325            91
      32767.5      46340.24           237           104
      32767.5      46340.24           428           348
      32767.5      46340.24           623           465
      32767.5      46340.24           618           475
      32767.5      46340.24           863           779
      32767.5      46340.24           575           488
      32767.5      46340.24           989           714
      32767.5      46340.24           925           599
      32767.5      46340.24           642           345
      32767.5      46340.24           901           747
      32767.5      46340.24           956           580
      32767.5      46340.24           804           515
      32767.5      46340.24           416           221
      32767.5      46340.24           707           299
      32767.5      46340.24           810           539
      32767.5      46340.24           382             6
      32767.5      46340.24           711           280
      32767.5      46340.24           919            62
      32767.5      46340.24           367           188
      32767.5      46340.24           407           198
      32767.5      46340.24           874            75
      32767.5      46340.24           952           456
      32767.5      46340.24           990           154
      32767.5      46340.24           188           150
      32767.5      46340.24           803           548
      32767.5      46340.24           794           237
      32767.5      46340.24           881           771
      32767.5      46340.24           458           345
      32767.5      46340.24           781           731
      32767.5      46340.24           818           197
      32767.5      46340.24           878           473
      32767.5      46340.24           923           504
      32767.5      46340.24           858           422
      32767.5      46340.24           945           808
      32767.5      46340.24           720           399
      32767.5      46340.24           345           201
      32767.5      46340.24           318           201
      32767.5      46340.24           322           232
      32767.5      46340.24           336           310
      32767.5      46340.24           918           570
      32767.5      46340.24           865           436
      32767.5      46340.24           895           874
      32767.5      46340.24           776           643
      32767.5      46340.24           517           478
      32767.5      46340.24           894           241
      32767.5      46340.24           839           778
      32767.5      46340.24           637           510
      32767.5      46340.24           659           476
      32767.5      46340.24           932           422
      32767.5      46340.24            28             9
      32767.5      46340.24           731           608
      32767.5      46340.24           927           839
      32767.5      46340.24           463           348
      32767.5      46340.24           448           252
      32767.5      46340.24           749           411
      32767.5      46340.24           495           246
      32767.5      46340.24           978           681
      32767.5      46340.24           470           101
      32767.5      46340.24           889           682
      32767.5      46340.24           802           517
      32767.5      46340.24           850           834
      32767.5      46340.24           630           276
      32767.5      46340.24           721           602
      32767.5      46340.24           959           706
      32767.5      46340.24           307           135
      32767.5      46340.24           773           758
      32767.5      46340.24           377           248
      32767.5      46340.24           157           112
      32767.5      46340.24           688           645
      32767.5      46340.24           635           402
      32767.5      46340.24           561             1
      32767.5      46340.24           347           203
      32767.5      46340.24           950           248
      32767.5      46340.24           907           828
      32767.5      46340.24           633           423
      32767.5      46340.24           644            50
      32767.5      46340.24           944           757
      32767.5      46340.24           754           296
      32767.5      46340.24           760           679
      32767.5      46340.24           390            41
      32767.5      46340.24           960           452
      32767.5      46340.24           641           327
      32767.5      46340.24           839           735
      32767.5      46340.24           915           609
      32767.5      46340.24           561           371
      32767.5      46340.24           552           526
      32767.5      46340.24           714           702
      32767.5      46340.24           517           250
      32767.5      46340.24           488           311
      32767.5      46340.24           259           192
      32767.5      46340.24           718           538
      32767.5      46340.24           449           320
      32767.5      46340.24           647           139
      32767.5      46340.24           120            18
      32767.5      46340.24           522            44
      32767.5      46340.24           945           903
      32767.5      46340.24           849           753
      32767.5      46340.24           474           248
      32767.5      46340.24           676           594
      32767.5      46340.24           994           795
      32767.5      46340.24           226           117
      32767.5      46340.24           537           453
      32767.5      46340.24           455            24
      32767.5      46340.24           461           320
      32767.5      46340.24           335           216
      32767.5      46340.24           992           979
      32767.5      46340.24           497           471
      32767.5      46340.24           712           392
      32767.5      46340.24           491           231
      32767.5      46340.24           869             1
      32767.5      46340.24           661           345
      32767.5      46340.24           768           593
      32767.5      46340.24           777           621
      32767.5      46340.24           385           353
      32767.5      46340.24           313           193
      32767.5      46340.24           661           656
      32767.5      46340.24           914           104
      32767.5      46340.24           853           326
      32767.5      46340.24           572           349
      32767.5      46340.24           550            30
      32767.5      46340.24           131            21
      32767.5      46340.24           703            21
      32767.5      46340.24           538           505
      32767.5      46340.24           372           355
      32767.5      46340.24           632             3
      32767.5      46340.24           725           234
      32767.5      46340.24           941           684
      32767.5      46340.24           992            77
      32767.5      46340.24           836           765
      32767.5      46340.24           214            14
      32767.5      46340.24           371           127
      32767.5      46340.24           815            17
      32767.5      46340.24           652           218
      32767.5      46340.24           220           213
      32767.5      46340.24           567           417
      32767.5      46340.24           816           367
      32767.5      46340.24           645           275
      32767.5      46340.24           698           279
      32767.5      46340.24           342           329
      32767.5      46340.24           287            86
      32767.5      46340.24           383            41
      32767.5      46340.24           802            63
      32767.5      46340.24           843           453
      32767.5      46340.24           906           804
      32767.5      46340.24           547           132
      32767.5      46340.24           867           387
      32767.5      46340.24           476           303
      32767.5      46340.24           675            38
      32767.5      46340.24           590           201
      32767.5      46340.24           916           293
      32767.5      46340.24           544           433
      32767.5      46340.24           745            32
      32767.5      46340.24           938           292
      32767.5      46340.24           477            10
      32767.5      46340.24           797           460
      32767.5      46340.24           936           107
      32767.5      46340.24           954           228
      32767.5      46340.24           477           273
      32767.5      46340.24           422           176
      32767.5      46340.24           176            25
      32767.5      46340.24           651           274
      32767.5      46340.24           868           327
      32767.5      46340.24           663           322
      32767.5      46340.24           781           549
      32767.5      46340.24           234            86
      32767.5      46340.24           541           258
      32767.5      46340.24           862           719
      32767.5      46340.24            78            55
      32767.5      46340.24            70            34
      32767.5      46340.24           542           531
      32767.5      46340.24           924           254
      32767.5      46340.24           746           155
      32767.5      46340.24           747            24
      32767.5      46340.24           409           370
      32767.5      46340.24           138             2
      32767.5      46340.24           915           624
      32767.5      46340.24           978           301
      32767.5      46340.24           614           171
      32767.5      46340.24           827           276
      32767.5      46340.24           932           191
      32767.5      46340.24           785           517
      32767.5      46340.24           135            89
      32767.5      46340.24           640           165
      32767.5      46340.24           661           297
      32767.5      46340.24           365           318
      32767.5      46340.24           870           857
      32767.5      46340.24           230           226
      32767.5      46340.24           859           233
      32767.5      46340.24           958            93
      32767.5      46340.24           642            35
      32767.5      46340.24           634           112
      32767.5      46340.24           949           400
      32767.5      46340.24           415           163
      32767.5      46340.24           542           535
      32767.5      46340.24           552           357
      32767.5      46340.24           576           205
      32767.5      46340.24           796           419
      32767.5      46340.24           836           364
      32767.5      46340.24           204           180
      32767.5      46340.24           826           480
      32767.5      46340.24           178           106
      32767.5      46340.24           521           435
      32767.5      46340.24           808           522
      32767.5      46340.24           906           850
      32767.5      46340.24           969           652
      32767.5      46340.24           496           423
      32767.5      46340.24           329           300
      32767.5      46340.24           877           432
      32767.5      46340.24           299           265
      32767.5      46340.24           776           568
      32767.5      46340.24           814           243
      32767.5      46340.24           445           405
      32767.5      46340.24           699           361
      32767.5      46340.24           795           243
      32767.5      46340.24           540           276
      32767.5      46340.24           568           479
      32767.5      46340.24           956           579
      32767.5      46340.24           754            40
      32767.5      46340.24           691           147
      32767.5      46340.24           646           376
      32767.5      46340.24           649           123
      32767.5      46340.24           825           546
      32767.5      46340.24           851           723
      32767.5      46340.24           375           125
      32767.5      46340.24           994           702
      32767.5      46340.24           658            24
      32767.5      46340.24           573           439
      32767.5      46340.24           673           660
      32767.5      46340.24           932           201
      32767.5      46340.24           652            63
      32767.5      46340.24           707           142
      32767.5      46340.24           741           213
      32767.5      46340.24           755           273
      32767.5      46340.24           197            10
      32767.5      46340.24           756           353
      32767.5      46340.24           504           377
      32767.5      46340.24           913           747
      32767.5      46340.24           916           886
      32767.5      46340.24           802           540
      32767.5      46340.24           519           103
      32767.5      46340.24           718           690
      32767.5      46340.24           995           518
      32767.5      46340.24           451           186
      32767.5      46340.24           704           236
      32767.5      46340.24           793           371
      32767.5      46340.24           537           434
      32767.5      46340.24           835            96
      32767.5      46340.24           461           153
      32767.5      46340.24           332            11
      32767.5      46340.24           558           241
      32767.5      46340.24           474           417
      32767.5      46340.24           511           432
      32767.5      46340.24           546            75
      32767.5      46340.24           710           659
      32767.5      46340.24           608           111
      32767.5      46340.24           772           526
      32767.5      46340.24           307            68
      32767.5      46340.24           860           426
      32767.5      46340.24            66             2
      32767.5      46340.24           799           485
      32767.5      46340.24           322           163
      32767.5      46340.24           527           344
      32767.5      46340.24           170             7
      32767.5      46340.24           276           185
      32767.5      46340.24           712           707
      32767.5      46340.24           515           234
      32767.5      46340.24           365           140
      32767.5      46340.24           110            18
      32767.5      46340.24           533           514
      32767.5      46340.24           863           814
      32767.5      46340.24           740           246
      32767.5      46340.24           546             6
      32767.5      46340.24           575           322
      32767.5      46340.24           819           137
      32767.5      46340.24           542           264
      32767.5      46340.24           626           241
      32767.5      46340.24           485           421
      32767.5      46340.24           962           761
      32767.5      46340.24           442           329
      32767.5      46340.24           908           398
      32767.5      46340.24           949           153
      32767.5      46340.24           844            96
      32767.5      46340.24           490           473
      32767.5      46340.24           614           122
      32767.5      46340.24           948           161
      32767.5      46340.24           885           800
      32767.5      46340.24           925           260
      32767.5      46340.24           962           920
      32767.5      46340.24           987           578
      32767.5      46340.24           561            18
      32767.5      46340.24           692           221
      32767.5      46340.24           624           423
      32767.5      46340.24           487           277
      32767.5      46340.24           984           629
      32767.5      46340.24           842           726
      32767.5      46340.24           999           597
      32767.5      46340.24           608           197
      32767.5      46340.24           550           364
      32767.5      46340.24           927           869
      32767.5      46340.24           783           675
      32767.5      46340.24           699           561
      32767.5      46340.24           363           240
      32767.5      46340.24           759           467
      32767.5      46340.24           450           185
      32767.5      46340.24           969           180
      32767.5      46340.24           420           367
      32767.5      46340.24           657            71
      32767.5      46340.24           865            29
      32767.5      46340.24           566           299
      32767.5      46340.24           402           396
      32767.5      46340.24           857           555
      32767.5      46340.24           567           189
      32767.5      46340.24           808           748
      32767.5      46340.24           283           166
      32767.5      46340.24           716           677
      32767.5      46340.24           791           224
      32767.5      46340.24           884           502
      32767.5      46340.24           614           493
      32767.5      46340.24           265           140
      32767.5      46340.24           572           209
      32767.5      46340.24           636           433
      32767.5      46340.24           638           499
      32767.5      46340.24           985           437
      32767.5      46340.24           601           307
      32767.5      46340.24           945           835
      32767.5      46340.24           842           115
      32767.5      46340.24           392            28
      32767.5      46340.24           736           104
      32767.5      46340.24           339           251
      32767.5      46340.24           617           480
      32767.5      46340.24           636           590
      32767.5      46340.24           150           124
      32767.5      46340.24           987           965
      32767.5      46340.24           728           211
      32767.5      46340.24           758           735
      32767.5      46340.24           310            80
      32767.5      46340.24           217           129
      32767.5      46340.24           760           394
      32767.5      46340.24            20             1
      32767.5      46340.24           487           442
      32767.5      46340.24           404           248
      32767.5      46340.24           847           578
      32767.5      46340.24           487           245
      32767.5      46340.24           436           399
      32767.5      46340.24           533           243
      32767.5      46340.24           734             6
      32767.5      46340.24           349           129
      32767.5      46340.24           510            77
      32767.5      46340.24           877           395
      32767.5      46340.24           803           655
      32767.5      46340.24           724           618
      32767.5      46340.24           606           303
      32767.5      46340.24           321           168
      32767.5      46340.24           389            14
      32767.5      46340.24           813           639
      32767.5      46340.24           916           300
      32767.5      46340.24           929           900
      32767.5      46340.24           771           626
      32767.5      46340.24           625           369
      32767.5      46340.24           977           823
      32767.5      46340.24           373           342
      32767.5      46340.24           301           212
      32767.5      46340.24           995           976
      32767.5      46340.24           694           537
      32767.5      46340.24           935           901
      32767.5      46340.24           695           368
      32767.5      46340.24           554           145
      32767.5      46340.24           734           115
      32767.5      46340.24           535           102
      32767.5      46340.24           192           173
      32767.5      46340.24           221            38
      32767.5      46340.24           788           338
      32767.5      46340.24           734           190
      32767.5      46340.24           746           592
      32767.5      46340.24           782           313
      32767.5      46340.24           530           121
      32767.5      46340.24           697           404
      32767.5      46340.24           375           120
      32767.5      46340.24           912           600
      32767.5      46340.24           484           415
      32767.5      46340.24           977            29
      32767.5      46340.24           243           170
      32767.5      46340.24           816           380
      32767.5      46340.24           249            16
      32767.5      46340.24           748           655
      32767.5      46340.24           733            93
      32767.5      46340.24           694            41
      32767.5      46340.24           876           639
      32767.5      46340.24           755           719
      32767.5      46340.24           748           147
      32767.5      46340.24           484           252
      32767.5      46340.24           736           591
      32767.5      46340.24           354            71
      32767.5      46340.24           990           662
      32767.5      46340.24           786           140
      32767.5      46340.24           774           105
      32767.5      46340.24           503           317
      32767.5      46340.24           238            75
      32767.5      46340.24           548           156
      32767.5      46340.24           678           373
      32767.5      46340.24           133            73
      32767.5      46340.24           135            94
      32767.5      46340.24           622           536
      32767.5      46340.24           941           871
      32767.5      46340.24           788           449
      32767.5      46340.24           937            34
      32767.5      46340.24           433           373
      32767.5      46340.24           906           677
      32767.5      46340.24           913           412
      32767.5      46340.24           761            42
      32767.5      46340.24           272           120
      32767.5      46340.24           998           668
      32767.5      46340.24           802           324
      32767.5      46340.24           942           526
      32767.5      46340.24           829           549
      32767.5      46340.24           717           151
      32767.5      46340.24           165           107
      32767.5      46340.24           920           804
      32767.5      46340.24           720           220
      32767.5      46340.24           620           149
      32767.5      46340.24           921           247
      32767.5      46340.24           873           291
      32767.5      46340.24           696           269
      32767.5      46340.24           612            69
      32767.5      46340.24           824           370
      32767.5      46340.24           819           346
      32767.5      46340.24           884           514
      32767.5      46340.24           786           450
      32767.5      46340.24           155           145
      32767.5      46340.24           709           290
      32767.5      46340.24           444           405
      32767.5      46340.24           941           546
      32767.5      46340.24           719           133
      32767.5      46340.24           758           355
      32767.5      46340.24           144            96
      32767.5      46340.24           830           334
      32767.5      46340.24           423            81
      32767.5      46340.24           394           205
      32767.5      46340.24           736           516
      32767.5      46340.24           921           433
      32767.5      46340.24           808            42
      32767.5      46340.24           955           408
      32767.5      46340.24           893           370
      32767.5      46340.24           870           400
      32767.5      46340.24           571           114
      32767.5      46340.24           951           930
      32767.5      46340.24           967           179
      32767.5      46340.24           928           622
      32767.5      46340.24           715           662
      32767.5      46340.24           703           409
      32767.5      46340.24           580            49
      32767.5      46340.24           804           300
      32767.5      46340.24           952            49
      32767.5      46340.24           533           204
      32767.5      46340.24           796           270
      32767.5      46340.24           868           624
      32767.5      46340.24           614           530
      32767.5      46340.24           755           317
      32767.5      46340.24           861            91
      32767.5      46340.24           594           178
      32767.5      46340.24           833           254
      32767.5      46340.24           411           381
      32767.5      46340.24           784            60
      32767.5      46340.24           918           134
      32767.5      46340.24           228            54
      32767.5      46340.24           764           677
      32767.5      46340.24           706           549
      32767.5      46340.24           999           495
      32767.5      46340.24           936           529
      32767.5      46340.24           963           310
      32767.5      46340.24           640           216
      32767.5      46340.24           130            52
      32767.5      46340.24           814           173
      32767.5      46340.24           293            86
      32767.5      46340.24           754           292
      32767.5      46340.24            94            78
      32767.5      46340.24           620            21
      32767.5      46340.24           571           449
      32767.5      46340.24           601           288
      32767.5      46340.24           766           396
      32767.5      46340.24           570           316
      32767.5      46340.24           537           290
      32767.5      46340.24           911           687
      32767.5      46340.24           608           158
      32767.5      46340.24           900            31
      32767.5      46340.24           727           169
      32767.5      46340.24           797           781
      32767.5      46340.24           605           167
      32767.5      46340.24           514           425
      32767.5      46340.24           940           399
      32767.5      46340.24           390           185
      32767.5      46340.24           535           340
      32767.5      46340.24           826            49
      32767.5      46340.24           494           232
      32767.5      46340.24           173            40
      32767.5      46340.24           760           307
      32767.5      46340.24           663           518
      32767.5      46340.24           807           614
      32767.5      46340.24           445           142
      32767.5      46340.24           868           223
      32767.5      46340.24           617            73
      32767.5      46340.24           809           134
      32767.5      46340.24           243            55
      32767.5      46340.24            97            52
      32767.5      46340.24           461            52
      32767.5      46340.24           423           354
      32767.5      46340.24           824           225
      32767.5      46340.24           395           339
      32767.5      46340.24           346           269
      32767.5      46340.24           448           314
      32767.5      46340.24           936           377
      32767.5      46340.24           652            39
      32767.5      46340.24           743            61
      32767.5      46340.24           323           110
      32767.5      46340.24           915           624
      32767.5      46340.24           867           673
      32767.5      46340.24           207            72
      32767.5      46340.24           868           477
      32767.5      46340.24           736           102
      32767.5      46340.24           716           267
      32767.5      46340.24           584           472
      32767.5      46340.24           676           333
      32767.5      46340.24           512           271
      32767.5      46340.24           767           104
      32767.5      46340.24           485           178
      32767.5      46340.24           963           546
      32767.5      46340.24           881           680
      32767.5      46340.24           936           908
      32767.5      46340.24           673           613
      32767.5      46340.24           380           162
      32767.5      46340.24           875           161
      32767.5      46340.24           404            98
      32767.5      46340.24           408           367
      32767.5      46340.24           625             8
      32767.5      46340.24           755            60
      32767.5      46340.24           929           875
      32767.5      46340.24           961           222
      32767.5      46340.24           716           514
      32767.5      46340.24           795           609
      32767.5      46340.24           817           229
      32767.5      46340.24           679           388
      32767.5      46340.24           677           280
      32767.5      46340.24            73            46
      32767.5      46340.24           617           390
      32767.5      46340.24           927           908
      32767.5      46340.24           819           614
      32767.5      46340.24           978           223
      32767.5      46340.24           123             9
      32767.5      46340.24           737           293
      32767.5      46340.24           534            74
      32767.5      46340.24           702           680
      32767.5      46340.24           217           106
      32767.5      46340.24           616            46
      32767.5      46340.24           802           436
      32767.5      46340.24           972           142
      32767.5      46340.24           799           192
      32767.5      46340.24           686            31
      32767.5      46340.24           727           205
      32767.5      46340.24           513           487
      32767.5      46340.24           176             5
      32767.5      46340.24           984           620
      32767.5      46340.24           126            65
      32767.5      46340.24           933           349
      32767.5      46340.24           967             7
      32767.5      46340.24           817           101
      32767.5      46340.24           156            60
      32767.5      46340.24           254           112
      32767.5      46340.24           573           307
      32767.5      46340.24           928           730
      32767.5      46340.24           555           153
      32767.5      46340.24           950           492
      32767.5      46340.24           762           297
      32767.5      46340.24           611           211
      32767.5      46340.24           588           548
      32767.5      46340.24           627           200
      32767.5      46340.24           370           262
      32767.5      46340.24           694           373
      32767.5      46340.24           319           288
      32767.5      46340.24           992           155
      32767.5      46340.24           228           200
      32767.5      46340.24           677            96
      32767.5      46340.24           833           779
      32767.5      46340.24           496           100
      32767.5      46340.24           968           684
      32767.5      46340.24           361           301
      32767.5      46340.24           813           632
      32767.5      46340.24           736           580
      32767.5      46340.24           758           222
      32767.5      46340.24           768           722
      32767.5      46340.24           603           449
      32767.5      46340.24           540           358
      32767.5      46340.24           154            31
      32767.5      46340.24           411           316
      32767.5      46340.24           478           286
      32767.5      46340.24           691           577
      32767.5      46340.24           985            59
      32767.5      46340.24           610            67
      32767.5      46340.24           366           128
      32767.5      46340.24           295             3
      32767.5      46340.24           965           518
      32767.5      46340.24           681            33
      32767.5      46340.24           642           477
      32767.5      46340.24           872           294
      32767.5      46340.24           683           551
      32767.5      46340.24           832           360
      32767.5      46340.24           878           434
      32767.5      46340.24           824           496
      32767.5      46340.24           752           404
      32767.5      46340.24           366           223
      32767.5      46340.24           589           201
      32767.5      46340.24           713           211
      32767.5      46340.24           949             6
      32767.5      46340.24           484            81
      32767.5      46340.24           762           186
      32767.5      46340.24           868           403
      32767.5      46340.24           914            20
      32767.5      46340.24           822           351
      32767.5      46340.24           965           324
      32767.5      46340.24           158           123
      32767.5      46340.24           845           155
      32767.5      46340.24           572           360
      32767.5      46340.24           873            59
      32767.5      46340.24            65            50
      32767.5      46340.24           685            34
      32767.5      46340.24           751           161
      32767.5      46340.24           684           510
      32767.5      46340.24           692           478
      32767.5      46340.24           579           509
      32767.5      46340.24           736           570
      32767.5      46340.24           990           682
      32767.5      46340.24           297           256
      32767.5      46340.24           184            28
      32767.5      46340.24           583           337
      32767.5      46340.24           830           534
      32767.5      46340.24           831           593
      32767.5      46340.24           804           443
      32767.5      46340.24           991           393
      32767.5      46340.24           191            21
      32767.5      46340.24           453           392
      32767.5      46340.24           826            86
      32767.5      46340.24           405           115
      32767.5      46340.24           398           270
      32767.5      46340.24           598           498
      32767.5      46340.24           595           276
      32767.5      46340.24           428            55
      32767.5      46340.24           552           528
      32767.5      46340.24           520           213
      32767.5      46340.24           822           575
      32767.5      46340.24           635           207
      32767.5      46340.24           943           216
      32767.5      46340.24           975           165
      32767.5      46340.24           934           697
      32767.5      46340.24           383           301
      32767.5      46340.24           841           741
      32767.5      46340.24           995           773
      32767.5      46340.24           312           184
      32767.5      46340.24           791           471
      32767.5      46340.24           368           163
      32767.5      46340.24           354           222
      32767.5      46340.24           965           290
      32767.5      46340.24           418           331
      32767.5      46340.24           627           422
      32767.5      46340.24           388           146
      32767.5      46340.24           179            70
      32767.5      46340.24           822           547
      32767.5      46340.24           842           694
      32767.5      46340.24           525           245
      32767.5      46340.24           886            77
      32767.5      46340.24           956           321
      32767.5      46340.24           452           145
      32767.5      46340.24           897           857
      32767.5      46340.24           264            80
      32767.5      46340.24           854           282
      32767.5      46340.24           567           494
      32767.5      46340.24           574           443
      32767.5      46340.24           928           656
      32767.5      46340.24           418           114
      32767.5      46340.24           518           286
      32767.5      46340.24           539           201
      32767.5      46340.24           552           361
      32767.5      46340.24           876           327
      32767.5      46340.24           999           485
      32767.5      46340.24           330           154
      32767.5      46340.24           903           515
      32767.5      46340.24           963           389
      32767.5      46340.24           440            28
      32767.5      46340.24           714           475
      32767.5      46340.24           636           465
      32767.5      46340.24           150           147
      32767.5      46340.24           842           625
      32767.5      46340.24           352           205
      32767.5      46340.24           941           922
      32767.5      46340.24           932           605
      32767.5      46340.24           861           230
      32767.5      46340.24           258            45
      32767.5      46340.24           842           383
      32767.5      46340.24           376           214
      32767.5      46340.24           807           208
      32767.5      46340.24           651           611
      32767.5      46340.24           643             5
      32767.5      46340.24           834            26
      32767.5      46340.24           418           288
      32767.5      46340.24           505           115
      32767.5      46340.24           911           230
      32767.5      46340.24           501           309
      32767.5      46340.24           908             0
      32767.5      46340.24           595           184
      32767.5      46340.24           240            24
      32767.5      46340.24           792           552
      32767.5      46340.24           766           312
      32767.5      46340.24           341           134
      32767.5      46340.24           770           549
      32767.5      46340.24           987           492
      32767.5      46340.24           962           657
      32767.5      46340.24           660           592
      32767.5      46340.24           975           962
      32767.5      46340.24           803           716
      32767.5      46340.24           799           489
      32767.5      46340.24           674           112
      32767.5      46340.24           904           146
      32767.5      46340.24           310           273
      32767.5      46340.24           627           532
      32767.5      46340.24           823           592
      32767.5      46340.24           924           242
      32767.5      46340.24           664           552
      32767.5      46340.24           698            52
      32767.5      46340.24           878           122
      32767.5      46340.24           700           670
      32767.5      46340.24           512           395
      32767.5      46340.24           640            38
      32767.5      46340.24           924           718
      32767.5      46340.24           675           245
      32767.5      46340.24           391           128
      32767.5      46340.24           985           289
      32767.5      46340.24           553            66
      32767.5      46340.24           407           349
      32767.5      46340.24           975           844
      32767.5      46340.24           550           287
      32767.5      46340.24           215           206
      32767.5      46340.24           624           330
      32767.5      46340.24           911           849
      32767.5      46340.24           389           112
      32767.5      46340.24           751           664
      32767.5      46340.24           541            78
      32767.5      46340.24           564           541
      32767.5      46340.24           894           696
      32767.5      46340.24           798           211
      32767.5      46340.24           761           601
      32767.5      46340.24           790            41
      32767.5      46340.24           516           504
      32767.5      46340.24           969           152
      32767.5      46340.24           300           120
      32767.5      46340.24           963           926
      32767.5      46340.24           315           131
      32767.5      46340.24           238            73
      32767.5      46340.24           843             5
      32767.5      46340.24           704           236
      32767.5      46340.24           750           495
      32767.5      46340.24           337           133
      32767.5      46340.24           714           347
      32767.5      46340.24           923           154
      32767.5      46340.24           766           575
      32767.5      46340.24           772           218
      32767.5      46340.24           798            52
      32767.5      46340.24           341           217
      32767.5      46340.24           722           456
      32767.5      46340.24           686           634
      32767.5      46340.24           944           188
      32767.5      46340.24           852           188
      32767.5      46340.24           783            36
      32767.5      46340.24           807           276
      32767.5      46340.24           360            69
      32767.5      46340.24           381           127
      32767.5      46340.24           516           469
      32767.5      46340.24           287            18
      32767.5      46340.24           510           274
      32767.5      46340.24           237           168
      32767.5      46340.24           898           760
      32767.5      46340.24           860           735
      32767.5      46340.24           664           452
      32767.5      46340.24           942           464
      32767.5      46340.24           617           576
      32767.5      46340.24           764           481
      32767.5      46340.24           754            74
      32767.5      46340.24           607           382
      32767.5      46340.24           975           431
      32767.5      46340.24           900           673
      32767.5      46340.24           452           337
      32767.5      46340.24           390           151
      32767.5      46340.24           513            30
      32767.5      46340.24           731           183
      32767.5      46340.24           696           126
      32767.5      46340.24           767           734
      32767.5      46340.24           659           486
      32767.5      46340.24           905           162
      32767.5      46340.24           296           290
      32767.5      46340.24           585           276
      32767.5      46340.24           343           139
      32767.5      46340.24           692           546
      32767.5      46340.24           537           522
      32767.5      46340.24           824            72
      32767.5      46340.24           278            40
      32767.5      46340.24           903           371
      32767.5      46340.24           815           221
      32767.5      46340.24           927           611
      32767.5      46340.24           592           362
      32767.5      46340.24           441           134
      32767.5      46340.24           675             5
      32767.5      46340.24           900           371
      32767.5      46340.24           698           583
      32767.5      46340.24           459           184
      32767.5      46340.24           249           225
      32767.5      46340.24           753           741
      32767.5      46340.24           894           723
      32767.5      46340.24           844           195
      32767.5      46340.24           807           121
      32767.5      46340.24           252           123
      32767.5      46340.24           361           325
      32767.5      46340.24           331           205
      32767.5      46340.24           910           567
      32767.5      46340.24           660            63
      32767.5      46340.24           794           400
      32767.5      46340.24           142           115
      32767.5      46340.24           297            38
      32767.5      46340.24           614            64
      32767.5      46340.24           836           832
      32767.5      46340.24           885           635
      32767.5      46340.24           852           226
      32767.5      46340.24           682           575
      32767.5      46340.24           369           209
      32767.5      46340.24           557           154
      32767.5      46340.24           746             6
      32767.5      46340.24           529            43
      32767.5      46340.24           337           320
      32767.5      46340.24           697           389
      32767.5      46340.24           825           771
      32767.5      46340.24           294           287
      32767.5      46340.24           575           313
      32767.5      46340.24           850           823
      32767.5      46340.24           992            88
      32767.5      46340.24           986           752
      32767.5      46340.24           846           488
      32767.5      46340.24           941           511
      32767.5      46340.24           975           884
      32767.5      46340.24           552           502
      32767.5      46340.24           266            33
      32767.5      46340.24           788           341
      32767.5      46340.24           949           170
      32767.5      46340.24           380           146
      32767.5      46340.24            53            46
      32767.5      46340.24           499           391
      32767.5      46340.24           782           651
      32767.5      46340.24           681           295
      32767.5      46340.24           479           413
      32767.5      46340.24           539           175
      32767.5      46340.24           910           307
      32767.5      46340.24           793           569
      32767.5      46340.24           955           474
      32767.5      46340.24           771           246
      32767.5      46340.24           522           356
      32767.5      46340.24           866           496
      32767.5      46340.24           559            42
      32767.5      46340.24           564            96
      32767.5      46340.24           920           637
      32767.5      46340.24           961           916
      32767.5      46340.24           819           333
      32767.5      46340.24           635           555
      32767.5      46340.24           562           166
      32767.5      46340.24           529           155
      32767.5      46340.24           970           289
      32767.5      46340.24           975           965
      32767.5      46340.24           875           336
      32767.5      46340.24           920           573
      32767.5      46340.24           104            33
      32767.5      46340.24           330           282
      32767.5      46340.24            72            36
      32767.5      46340.24           967           760
      32767.5      46340.24           604           162
      32767.5      46340.24           412           283
      32767.5      46340.24           536           535
      32767.5      46340.24           898           861
      32767.5      46340.24           193           103
      32767.5      46340.24           761            13
      32767.5      46340.24           824           674
      32767.5      46340.24           469           225
      32767.5      46340.24           611           341
      32767.5      46340.24           908           380
      32767.5      46340.24           994           972
      32767.5      46340.24           826           808
      32767.5      46340.24           711           443
      32767.5      46340.24           937           296
      32767.5      46340.24           872           620
      32767.5      46340.24           990            82
      32767.5      46340.24           548           236
      32767.5      46340.24           294           242
      32767.5      46340.24           824           285
      32767.5      46340.24           605           161
      32767.5      46340.24           994           859
      32767.5      46340.24           766           684
      32767.5      46340.24           979            54
      32767.5      46340.24           629           292
      32767.5      46340.24           479           116
      32767.5      46340.24           567           108
      32767.5      46340.24           861           554
      32767.5      46340.24           401           350
      32767.5      46340.24           912           292
      32767.5      46340.24           888           176
      32767.5      46340.24           679           440
      32767.5      46340.24           946           474
      32767.5      46340.24           287           263
      32767.5      46340.24           434           237
      32767.5      46340.24           617           580
      32767.5      46340.24           671           627
      32767.5      46340.24           126            63
      32767.5      46340.24           845           777
      32767.5      46340.24           459           140
      32767.5      46340.24           872           620
      32767.5      46340.24           796           412
      32767.5      46340.24           719           706
      32767.5      46340.24           512           275
      32767.5      46340.24           750           468
      32767.5      46340.24           714           521
      32767.5      46340.24           878           237
      32767.5      46340.24           375           103
      32767.5      46340.24           662           417
      32767.5      46340.24           982           758
      32767.5      46340.24           679           619
      32767.5      46340.24           641           535
      32767.5      46340.24           975           355
      32767.5      46340.24           990           530
      32767.5      46340.24           697           553
      32767.5      46340.24           708           226
      32767.5      46340.24           998           196
      32767.5      46340.24           963           172
      32767.5      46340.24           300            47
      32767.5      46340.24           621           221
      32767.5      46340.24           654           325
      32767.5      46340.24           937           655
      32767.5      46340.24           974           728
      32767.5      46340.24           734           695
      32767.5      46340.24           857           339
      32767.5      46340.24           752           140
      32767.5      46340.24           676           288
      32767.5      46340.24           538           186
      32767.5      46340.24           732           290
      32767.5      46340.24           493           304
      32767.5      46340.24           979           318
      32767.5      46340.24           543           448
      32767.5      46340.24           885            59
      32767.5      46340.24           967           265
      32767.5      46340.24           939           259
      32767.5      46340.24           748            86
      32767.5      46340.24           797           192
      32767.5      46340.24           735           488
      32767.5      46340.24           360           356
      32767.5      46340.24           442           347
      32767.5      46340.24           896           678
      32767.5      46340.24           921           190
      32767.5      46340.24           206            15
      32767.5      46340.24           812           176
      32767.5      46340.24           807            36
      32767.5      46340.24           720           573
      32767.5      46340.24           700           627
      32767.5      46340.24           993           257
      32767.5      46340.24           737           109
      32767.5      46340.24           305           218
      32767.5      46340.24           859            80
      32767.5      46340.24           431           261
      32767.5      46340.24           723           173
      32767.5      46340.24           900            61
      32767.5      46340.24           579           502
      32767.5      46340.24           977           525
      32767.5      46340.24           813           240
      32767.5      46340.24           674            50
      32767.5      46340.24           668           254
      32767.5      46340.24           881           340
      32767.5      46340.24           403             8
      32767.5      46340.24           786           248
      32767.5      46340.24           389           246
      32767.5      46340.24           118            10
      32767.5      46340.24           806           531
      32767.5      46340.24           512           250
      32767.5      46340.24           788           763
      32767.5      46340.24           539           232
      32767.5      46340.24           946            61
      32767.5      46340.24           940           184
      32767.5      46340.24           315           287
      32767.5      46340.24           949           732
      32767.5      46340.24           715           708
      32767.5      46340.24           387           335
      32767.5      46340.24           870            29
      32767.5      46340.24           226             4
      32767.5      46340.24           534           216
      32767.5      46340.24           770           232
      32767.5      46340.24           478           458
      32767.5      46340.24           655           477
      32767.5      46340.24           827           441
      32767.5      46340.24           875           742
      32767.5      46340.24           963           496
      32767.5      46340.24           289           151
      32767.5      46340.24           945            89
      32767.5      46340.24           673            63
      32767.5      46340.24           798           368
      32767.5      46340.24           225           138
      32767.5      46340.24           891           366
      32767.5      46340.24           179            43
      32767.5      46340.24           581           366
      32767.5      46340.24           657           313
      32767.5      46340.24           961           807
      32767.5      46340.24           940           125
      32767.5      46340.24           669           388
      32767.5      46340.24           555           448
      32767.5      46340.24           820           415
      32767.5      46340.24           355            80
      32767.5      46340.24           167           104
      32767.5      46340.24           965           296
      32767.5      46340.24           784           700
      32767.5      46340.24           145            57
      32767.5      46340.24           587           405
      32767.5      46340.24           301           266
      32767.5      46340.24           492           188
      32767.5      46340.24           507           395
      32767.5      46340.24           683           207
      32767.5      46340.24           719            15
      32767.5      46340.24           589           440
      32767.5      46340.24           217           141
      32767.5      46340.24           474           134
      32767.5      46340.24           244           212
      32767.5      46340.24           517           463
      32767.5      46340.24           543           377
      32767.5      46340.24           974           638
      32767.5      46340.24           812           698
      32767.5      46340.24           874           598
      32767.5      46340.24           376           178
      32767.5      46340.24           704           353
      32767.5      46340.24           593           517
      32767.5      46340.24           568           268
      32767.5      46340.24           523           237
      32767.5      46340.24           577           405
      32767.5      46340.24           980           413
      32767.5      46340.24           229           200
      32767.5      46340.24           618           446
      32767.5      46340.24           628           564
      32767.5      46340.24           435            96
      32767.5      46340.24           947           347
      32767.5      46340.24           736           110
      32767.5      46340.24           342           275
      32767.5      46340.24           336           289
      32767.5      46340.24           473           276
      32767.5      46340.24           761           591
      32767.5      46340.24           710           324
      32767.5      46340.24           419            40
      32767.5      46340.24           807           375
      32767.5      46340.24           836           245
      32767.5      46340.24           841           472
      32767.5      46340.24           688           376
      32767.5      46340.24           608           459
      32767.5      46340.24           937            66
      32767.5      46340.24           721           415
      32767.5      46340.24           856           549
      32767.5      46340.24           599           424
      32767.5      46340.24           921           562
      32767.5      46340.24           851            73
      32767.5      46340.24           797           162
      32767.5      46340.24           470           226
      32767.5      46340.24           839            25
      32767.5      46340.24           164            64
      32767.5      46340.24           431            55
      32767.5      46340.24           474           235
      32767.5      46340.24           601            56
      32767.5      46340.24           370           258
      32767.5      46340.24           220           177
      32767.5      46340.24           303           161
      32767.5      46340.24           973           549
      32767.5      46340.24           998           528
      32767.5      46340.24           414           348
      32767.5      46340.24           769           429
      32767.5      46340.24           874           596
      32767.5      46340.24           561           170
      32767.5      46340.24           955           262
      32767.5      46340.24           320           100
      32767.5      46340.24           725           688
      32767.5      46340.24           955            26
      32767.5      46340.24           519           143
      32767.5      46340.24           538            26
      32767.5      46340.24           745           710
      32767.5      46340.24           761           429
      32767.5      46340.24           870           350
      32767.5      46340.24           568            12
      32767.5      46340.24           146            43
      32767.5      46340.24           391           255
      32767.5      46340.24           854           773
      32767.5      46340.24           398           150
      32767.5      46340.24           789           373
      32767.5      46340.24           601            71
      32767.5      46340.24           670           475
      32767.5      46340.24           852           848
      32767.5      46340.24           553           206
      32767.5      46340.24           799            70
      32767.5      46340.24           639            68
      32767.5      46340.24           876           591
      32767.5      46340.24           996           453
      32767.5      46340.24           433           410
      32767.5      46340.24           663           610
      32767.5      46340.24           282            56
      32767.5      46340.24           911           621
      32767.5      46340.24           717           346
      32767.5      46340.24           293            65
      32767.5      46340.24           175            30
      32767.5      46340.24           518           305
      32767.5      46340.24           808           642
      32767.5      46340.24           919           281
      32767.5      46340.24           511            42
      32767.5      46340.24           835           753
      32767.5      46340.24           875           173
      32767.5      46340.24           980           251
      32767.5      46340.24           817           497
      32767.5      46340.24           969           658
      32767.5      46340.24           658            34
      32767.5      46340.24           642           117
      32767.5      46340.24           709            55
      32767.5      46340.24           470           431
      32767.5      46340.24           980           327
      32767.5      46340.24           927           405
      32767.5      46340.24           489           326
      32767.5      46340.24           399           341
      32767.5      46340.24           562           138
      32767.5      46340.24           789           609
      32767.5      46340.24           815           448
      32767.5      46340.24           979           513
      32767.5      46340.24           945            34
      32767.5      46340.24           419           269
      32767.5      46340.24           871           476
      32767.5      46340.24           846           130
      32767.5      46340.24           350            23
      32767.5      46340.24           511           326
      32767.5      46340.24           300            61
      32767.5      46340.24           828            59
      32767.5      46340.24           473           177
      32767.5      46340.24           606           243
      32767.5      46340.24           203           117
      32767.5      46340.24           764           288
      32767.5      46340.24           243            27
      32767.5      46340.24           347           343
      32767.5      46340.24            72            31
      32767.5      46340.24           986            99
      32767.5      46340.24           618           129
      32767.5      46340.24           667           645
      32767.5      46340.24           413           355
      32767.5      46340.24           785           175
      32767.5      46340.24           655           525
      32767.5      46340.24           667            93
      32767.5      46340.24           814           136
      32767.5      46340.24           392           206
      32767.5      46340.24           165            60
      32767.5      46340.24           459           316
      32767.5      46340.24           832           105
      32767.5      46340.24           904           707
      32767.5      46340.24           574           183
      32767.5      46340.24           423            35
      32767.5      46340.24           976           241
      32767.5      46340.24            47            41
      32767.5      46340.24           686           109
      32767.5      46340.24           701           562
      32767.5      46340.24           698            15
      32767.5      46340.24           449           108
      32767.5      46340.24           719           112
      32767.5      46340.24           776           394
      32767.5      46340.24           397           306
      32767.5      46340.24           652           115
      32767.5      46340.24           946           180
      32767.5      46340.24           976           356
      32767.5      46340.24           875           281
      32767.5      46340.24           924           683
      32767.5      46340.24           964           843
      32767.5      46340.24           354             7
      32767.5      46340.24           761           190
      32767.5      46340.24           934            66
      32767.5      46340.24           914           317
      32767.5      46340.24           814           731
      32767.5      46340.24           783           390
      32767.5      46340.24           442           424
      32767.5      46340.24           559            67
      32767.5      46340.24           776           614
      32767.5      46340.24           208            85
      32767.5      46340.24           413           188
      32767.5      46340.24           593           340
      32767.5      46340.24           920           830
      32767.5      46340.24           319           172
      32767.5      46340.24           882           311
      32767.5      46340.24           920           671
      32767.5      46340.24           486           369
      32767.5      46340.24           882           465
      32767.5      46340.24           827           500
      32767.5      46340.24           770           247
      32767.5      46340.24           723           641
      32767.5      46340.24           771           569
      32767.5      46340.24           593           122
      32767.5      46340.24           920           633
      32767.5      46340.24           695           220
      32767.5      46340.24           754            48
      32767.5      46340.24           228           225
      32767.5      46340.24           832           472
      32767.5      46340.24           590            35
      32767.5      46340.24           878           800
      32767.5      46340.24           827           121
      32767.5      46340.24           464           174
      32767.5      46340.24           496           247
      32767.5      46340.24           483           347
      32767.5      46340.24           966           613
      32767.5      46340.24           611           281
      32767.5      46340.24           966           694
      32767.5      46340.24           870           751
      32767.5      46340.24           407           395
      32767.5      46340.24           489            75
      32767.5      46340.24           890           626
      32767.5      46340.24            96            18
      32767.5      46340.24           184           157
      32767.5      46340.24           616           500
      32767.5      46340.24           606           449
      32767.5      46340.24           353           313
      32767.5      46340.24           927           496
      32767.5      46340.24           532           351
      32767.5      46340.24           774           327
      32767.5      46340.24           815           374
      32767.5      46340.24           925            60
      32767.5      46340.24           626           623
      32767.5      46340.24           639           325
      32767.5      46340.24           433            89
      32767.5      46340.24           202           153
      32767.5      46340.24           929           597
      32767.5      46340.24           903           326
      32767.5      46340.24           555           442
      32767.5      46340.24           623           501
      32767.5      46340.24           979           477
      32767.5      46340.24           854           759
      32767.5      46340.24           683           538
      32767.5      46340.24           526           502
      32767.5      46340.24           881           510
      32767.5      46340.24           271            71
      32767.5      46340.24           205           137
      32767.5      46340.24           454           120
      32767.5      46340.24           851           268
      32767.5      46340.24           241            52
      32767.5      46340.24           666           494
      32767.5      46340.24           733            53
      32767.5      46340.24           668           510
      32767.5      46340.24           754           718
      32767.5      46340.24           907           167
      32767.5      46340.24           507           500
      32767.5      46340.24           420           338
      32767.5      46340.24           740           510
      32767.5      46340.24           821           622
      32767.5      46340.24           742           294
      32767.5      46340.24           781           111
      32767.5      46340.24           994           247
      32767.5      46340.24           822           747
      32767.5      46340.24           518            70
      32767.5      46340.24           794           160
      32767.5      46340.24           932           364
      32767.5      46340.24           957            54
      32767.5      46340.24           878           688
      32767.5      46340.24           383            98
      32767.5      46340.24           147           138
      32767.5      46340.24           373           367
      32767.5      46340.24           839           205
      32767.5      46340.24           430           240
      32767.5      46340.24           308            41
      32767.5      46340.24           868           430
      32767.5      46340.24           895            42
      32767.5      46340.24           391           290
      32767.5      46340.24           875           637
      32767.5      46340.24           603           488
      32767.5      46340.24           769           214
      32767.5      46340.24           464           181
      32767.5      46340.24           933           334
      32767.5      46340.24           730           340
      32767.5      46340.24           415           220
      32767.5      46340.24           846           306
      32767.5      46340.24           865           402
      32767.5      46340.24           559            49
      32767.5      46340.24           549           175
      32767.5      46340.24           624           156
      32767.5      46340.24           978           469
      32767.5      46340.24           966           905
      32767.5      46340.24           498           256
      32767.5      46340.24           584           272
      32767.5      46340.24           958            88
      32767.5      46340.24            19            13
      32767.5      46340.24           643           640
      32767.5      46340.24           965           282
      32767.5      46340.24           399           371
      32767.5      46340.24           573           552
      32767.5      46340.24           481           171
      32767.5      46340.24           808            74
      32767.5      46340.24           629           251
      32767.5      46340.24           874           130
      32767.5      46340.24           854           608
      32767.5      46340.24           709           368
      32767.5      46340.24           247            51
      32767.5      46340.24           750           578
      32767.5      46340.24           459           260
      32767.5      46340.24           532           530
      32767.5      46340.24           737           668
      32767.5      46340.24           857           122
      32767.5      46340.24           709           391
      32767.5      46340.24           951           443
      32767.5      46340.24           938           617
      32767.5      46340.24           992           351
      32767.5      46340.24           861           660
      32767.5      46340.24           580           415
      32767.5      46340.24           582           487
      32767.5      46340.24           987            90
      32767.5      46340.24           428           408
      32767.5      46340.24           938           149
      32767.5      46340.24           772           760
      32767.5      46340.24           503            66
      32767.5      46340.24           847           614
      32767.5      46340.24           609            94
      32767.5      46340.24           842           432
      32767.5      46340.24           502           360
      32767.5      46340.24           520           296
      32767.5      46340.24           660           452
      32767.5      46340.24           618           507
      32767.5      46340.24           496           195
      32767.5      46340.24           595           578
      32767.5      46340.24           742           717
      32767.5      46340.24           115            84
      32767.5      46340.24           924           321
      32767.5      46340.24           562           354
      32767.5      46340.24           663           603
      32767.5      46340.24           471            93
      32767.5      46340.24           988           514
      32767.5      46340.24           804           380
      32767.5      46340.24           441           255
      32767.5      46340.24           744            45
      32767.5      46340.24           514           259
      32767.5      46340.24           979           441
      32767.5      46340.24           374           313
      32767.5      46340.24           715            44
      32767.5      46340.24           264           131
      32767.5      46340.24           437           111
      32767.5      46340.24           977           839
      32767.5      46340.24           398            26
      32767.5      46340.24           576           574
      32767.5      46340.24           732           199
      32767.5      46340.24           202           177
      32767.5      46340.24           168            83
      32767.5      46340.24           667           340
      32767.5      46340.24           939           924
      32767.5      46340.24           883            28
      32767.5      46340.24           903            42
      32767.5      46340.24           682           547
      32767.5      46340.24           829           648
      32767.5      46340.24           201            48
      32767.5      46340.24           775           601
      32767.5      46340.24           946            82
      32767.5      46340.24           891            20
      32767.5      46340.24           650           142
      32767.5      46340.24           781            17
      32767.5      46340.24           872           389
      32767.5      46340.24           757           581
      32767.5      46340.24           829           809
      32767.5      46340.24           579           388
      32767.5      46340.24           847           840
      32767.5      46340.24           378           372
      32767.5      46340.24           110            46
      32767.5      46340.24           968           169
      32767.5      46340.24           678           560
      32767.5      46340.24           629             4
      32767.5      46340.24           943           247
      32767.5      46340.24           935           599
      32767.5      46340.24           596           460
      32767.5      46340.24            40            11
      32767.5      46340.24           594           527
      32767.5      46340.24           684           515
      32767.5      46340.24           924           112
      32767.5      46340.24            74            51
      32767.5      46340.24           846           812
      32767.5      46340.24           913           315
      32767.5      46340.24           930           761
      32767.5      46340.24           856           539
      32767.5      46340.24           971           698
      32767.5      46340.24           474            59
      32767.5      46340.24           770           580
      32767.5      46340.24           431            32
      32767.5      46340.24           540            50
      32767.5      46340.24           735           546
      32767.5      46340.24           314           141
      32767.5      46340.24           884            31
      32767.5      46340.24           999           116
      32767.5      46340.24           320            40
      32767.5      46340.24           883           395
      32767.5      46340.24           486            58
      32767.5      46340.24           957           152
      32767.5      46340.24           471           140
      32767.5      46340.24           520           275
      32767.5      46340.24           776           717
      32767.5      46340.24           762           520
      32767.5      46340.24            35            22
      32767.5      46340.24           463            14
      32767.5      46340.24           837           328
      32767.5      46340.24           553           372
      32767.5      46340.24           684           637
      32767.5      46340.24           749           121
      32767.5      46340.24           960           726
      32767.5      46340.24           753           359
      32767.5      46340.24           933           330
      32767.5      46340.24           133            62
      32767.5      46340.24           310           265
      32767.5      46340.24           433           394
      32767.5      46340.24           734           101
      32767.5      46340.24           659            40
      32767.5      46340.24           543            69
      32767.5      46340.24           447           111
      32767.5      46340.24           994           794
      32767.5      46340.24           824           442
      32767.5      46340.24           491            25
      32767.5      46340.24           801            92
      32767.5      46340.24           747           175
      32767.5      46340.24           768            66
      32767.5      46340.24           418           209
      32767.5      46340.24           226           200
      32767.5      46340.24           589            99
      32767.5      46340.24           680           347
      32767.5      46340.24           509           157
      32767.5      46340.24           545            89
      32767.5      46340.24           930           393
      32767.5      46340.24           771           303
      32767.5      46340.24           818           413
      32767.5      46340.24           987           382
      32767.5      46340.24           548            60
      32767.5      46340.24           690           553
      32767.5      46340.24           938           496
      32767.5      46340.24           537           432
      32767.5      46340.24           998            28
      32767.5      46340.24            40            38
      32767.5      46340.24           634           566
      32767.5      46340.24           318            82
      32767.5      46340.24           431             7
      32767.5      46340.24           482            81
      32767.5      46340.24           928           295
      32767.5      46340.24           841           610
      32767.5      46340.24           602           540
      32767.5      46340.24           458            79
      32767.5      46340.24           157            51
      32767.5      46340.24           525           216
      32767.5      46340.24           796           296
      32767.5      46340.24           829           728
      32767.5      46340.24           778           369
      32767.5      46340.24           325           105
      32767.5      46340.24           466           419
      32767.5      46340.24           451           350
      32767.5      46340.24           568           350
      32767.5      46340.24           671           608
      32767.5      46340.24           554             4
      32767.5      46340.24            62            40
      32767.5      46340.24           998           214
      32767.5      46340.24           470           355
      32767.5      46340.24           876           745
      32767.5      46340.24           653           463
      32767.5      46340.24           225           174
      32767.5      46340.24           247           209
      32767.5      46340.24           711           223
      32767.5      46340.24           551           549
      32767.5      46340.24           924           102
      32767.5      46340.24           786           561
      32767.5      46340.24           907           311
      32767.5      46340.24           868            37
      32767.5      46340.24           790           227
      32767.5      46340.24           161           121
      32767.5      46340.24           294           183
      32767.5      46340.24           605           449
      32767.5      46340.24           882             0
      32767.5      46340.24           983           735
      32767.5      46340.24           394            24
      32767.5      46340.24           938            94
      32767.5      46340.24           385           205
      32767.5      46340.24           999           380
      32767.5      46340.24           442           204
      32767.5      46340.24           933           229
      32767.5      46340.24            30            26
      32767.5      46340.24           778           201
      32767.5      46340.24           547           267
      32767.5      46340.24           965           477
      32767.5      46340.24           704           165
      32767.5      46340.24           803           755
      32767.5      46340.24           483           103
      32767.5      46340.24           993           261
      32767.5      46340.24           806            83
      32767.5      46340.24           199            13
      32767.5      46340.24           971           316
      32767.5      46340.24           789           730
      32767.5      46340.24           777           112
      32767.5      46340.24           325           173
      32767.5      46340.24           878           863
      32767.5      46340.24           802           375
      32767.5      46340.24           807           339
      32767.5      46340.24           836           337
      32767.5      46340.24           876           376
      32767.5      46340.24           943           511
      32767.5      46340.24           830            25
      32767.5      46340.24           261            33
      32767.5      46340.24           744           114
      32767.5      46340.24            42            39
      32767.5      46340.24           884           649
      32767.5      46340.24           486           190
      32767.5      46340.24           945           269
      32767.5      46340.24           321           102
      32767.5      46340.24           847           319
      32767.5      46340.24           144           116
      32767.5      46340.24           946           872
      32767.5      46340.24           651           315
      32767.5      46340.24           976           421
      32767.5      46340.24           841           443
      32767.5      46340.24           794           293
      32767.5      46340.24           861           144
      32767.5      46340.24           816           470
      32767.5      46340.24           474           370
      32767.5      46340.24           537           411
      32767.5      46340.24           752           410
      32767.5      46340.24           880           107
      32767.5      46340.24           984           626
      32767.5      46340.24           637            89
      32767.5      46340.24           811           315
      32767.5      46340.24           562            20
      32767.5      46340.24           273           244
      32767.5      46340.24           823           795
      32767.5      46340.24           925           719
      32767.5      46340.24           711           281
      32767.5      46340.24           619           592
      32767.5      46340.24           630           487
      32767.5      46340.24           714           421
      32767.5      46340.24           875           542
      32767.5      46340.24           726           170
      32767.5      46340.24           775           175
      32767.5      46340.24           776            58
      32767.5      46340.24           511            42
      32767.5      46340.24           905            67
      32767.5      46340.24           844           161
      32767.5      46340.24           366           230
      32767.5      46340.24           610           366
      32767.5      46340.24           815           809
      32767.5      46340.24           742            45
      32767.5      46340.24           769            75
      32767.5      46340.24           970           854
      32767.5      46340.24           401           238
      32767.5      46340.24           715           367
      32767.5      46340.24           533           419
      32767.5      46340.24           289           222
      32767.5      46340.24           706           393
      32767.5      46340.24           700           654
      32767.5      46340.24           783           460
      32767.5      46340.24           796           659
      32767.5      46340.24           630           113
      32767.5      46340.24           843           420
      32767.5      46340.24           955           197
      32767.5      46340.24           522           129
      32767.5      46340.24           993           401
      32767.5      46340.24           795           776
      32767.5      46340.24           584           134
      32767.5      46340.24           471           420
      32767.5      46340.24           847           297
      32767.5      46340.24           808           790
      32767.5      46340.24           816           638
      32767.5      46340.24           900           849
      32767.5      46340.24           964           645
      32767.5      46340.24           685             7
      32767.5      46340.24           891           335
      32767.5      46340.24           525           378
      32767.5      46340.24           795           323
      32767.5      46340.24           426           116
      32767.5      46340.24           963           745
      32767.5      46340.24           862           107
      32767.5      46340.24           980           808
      32767.5      46340.24           631           124
      32767.5      46340.24           607           545
      32767.5      46340.24           386            51
      32767.5      46340.24           845           679
